Initialization parameters:
  n_ants:    50
  nn_ants:   20
  alpha:     1.0
  beta:      2.0
  rho:       0.5
  max_iters: 1000
  flag:      AS
  init tour: 574.757205252 (length)
  tau 0:     0.086993254792
  dimension: 51
Initial ant colony:
Ant:
 UID:     1
 Type:    Symmetric TSP
 Tour:    [23 13 24 12 40 18 41 43 36 16 46 11 45 50 26 47  5 22  6 42 17  3 39  4
 48  9 29 38 32 44 14 37 10 31  0 21  7 25 30 27  2 19 34 35 28 20 15 49
  8  1 33 23]
 Visited: [1 1 1 1 1 1 1 1 1 1 1 1 1 1 1 1 1 1 1 1 1 1 1 1 1 1 1 1 1 1 1 1 1 1 1 1 1
 1 1 1 1 1 1 1 1 1 1 1 1 1 1]
 Tour length: 584.564078936

Ant:
 UID:     2
 Type:    Symmetric TSP
 Tour:    [37  4 48  9 32 44 14 43 36 16  3 17 46 11 50 45 31  0 21 27 30  7 25  6
 22 23 42 24 13  5 47 26 10 28 20  8 49 15 29 38 33  1 34 35  2 19 41 18
 40 12 39 37]
 Visited: [1 1 1 1 1 1 1 1 1 1 1 1 1 1 1 1 1 1 1 1 1 1 1 1 1 1 1 1 1 1 1 1 1 1 1 1 1
 1 1 1 1 1 1 1 1 1 1 1 1 1 1]
 Tour length: 586.529870936

Ant:
 UID:     3
 Type:    Symmetric TSP
 Tour:    [19 28 20 33 29  8 48  9 44 14 43 36 16  3 46 11 45 50 26 47  5 13 24 12
 40 18 41 39  4 10 31  0 21  1 15 49 38 32 37 35 34 27  2 25  7 30 22  6
 42 23 17 19]
 Visited: [1 1 1 1 1 1 1 1 1 1 1 1 1 1 1 1 1 1 1 1 1 1 1 1 1 1 1 1 1 1 1 1 1 1 1 1 1
 1 1 1 1 1 1 1 1 1 1 1 1 1 1]
 Tour length: 619.8176238

Ant:
 UID:     4
 Type:    Symmetric TSP
 Tour:    [17 46  3 16 36 43 41 18 40 12 24 13 23 22  6 42  5 47 26 50 45 11  4 48
  8 49 33 29  9 38 32 44 14 37 10 31  0 21 27 30  7 25  2 19 34 35 28 20
 15  1 39 17]
 Visited: [1 1 1 1 1 1 1 1 1 1 1 1 1 1 1 1 1 1 1 1 1 1 1 1 1 1 1 1 1 1 1 1 1 1 1 1 1
 1 1 1 1 1 1 1 1 1 1 1 1 1 1]
 Tour length: 539.554962993

Ant:
 UID:     5
 Type:    Symmetric TSP
 Tour:    [17  3 46 11 45 50 26  0 31 10 37  4 29 33 49 15  1 21 19  2 27 30  7 25
  6 22 47  5 13 24 12 40 18 41 43 14 44 32 38 20 28 35 34  8 48  9 16 36
 39 23 42 17]
 Visited: [1 1 1 1 1 1 1 1 1 1 1 1 1 1 1 1 1 1 1 1 1 1 1 1 1 1 1 1 1 1 1 1 1 1 1 1 1
 1 1 1 1 1 1 1 1 1 1 1 1 1 1]
 Tour length: 576.572590473

Ant:
 UID:     6
 Type:    Symmetric TSP
 Tour:    [32 44 14 43 41 18 40 12 17 46 11 45 50 26  0 31 10 37  4 48  8 49 33 20
 28  1 15 29  9 38 16 36  3  5 13 23 42 47 22  6 25  7 30 27  2 19 34 35
 21 39 24 32]
 Visited: [1 1 1 1 1 1 1 1 1 1 1 1 1 1 1 1 1 1 1 1 1 1 1 1 1 1 1 1 1 1 1 1 1 1 1 1 1
 1 1 1 1 1 1 1 1 1 1 1 1 1 1]
 Tour length: 602.289963706

Ant:
 UID:     7
 Type:    Symmetric TSP
 Tour:    [ 3 17 24 13 23 22  6 25  7 30 27  2 35 34 19 28 20 33 49 15  1 21  0 31
 10 37  4 48  9 38 32 44 40 18 41 43 14 16 36 50 45 11 46 26  5 47 42 12
 39 29  8  3]
 Visited: [1 1 1 1 1 1 1 1 1 1 1 1 1 1 1 1 1 1 1 1 1 1 1 1 1 1 1 1 1 1 1 1 1 1 1 1 1
 1 1 1 1 1 1 1 1 1 1 1 1 1 1]
 Tour length: 580.44175156

Ant:
 UID:     8
 Type:    Symmetric TSP
 Tour:    [33 29  9 38  8 48  4 37 10 31  0 21  1 28 20 15 49 19  2 27 30  7 25  6
 22 23 42 24 13  5 47 26 50 45 11 46  3 16 36 43 14 44 32 41 18 40 12 39
 17 35 34 33]
 Visited: [1 1 1 1 1 1 1 1 1 1 1 1 1 1 1 1 1 1 1 1 1 1 1 1 1 1 1 1 1 1 1 1 1 1 1 1 1
 1 1 1 1 1 1 1 1 1 1 1 1 1 1]
 Tour length: 558.234088876

Ant:
 UID:     9
 Type:    Symmetric TSP
 Tour:    [17 46  3 16 36 43 14 44 32 38 29 33 49  8 20 15  1 28 19 34 35  2 27 30
  7 25  6 22 23 24 13  5 47 26  0 21 50 45 11  4 48  9 37 10 31 39 41 18
 40 12 42 17]
 Visited: [1 1 1 1 1 1 1 1 1 1 1 1 1 1 1 1 1 1 1 1 1 1 1 1 1 1 1 1 1 1 1 1 1 1 1 1 1
 1 1 1 1 1 1 1 1 1 1 1 1 1 1]
 Tour length: 546.247354321

Ant:
 UID:     10
 Type:    Symmetric TSP
 Tour:    [36 43 14 44 32 38  9 29  8 49 15  1 21  0 31 10 37  4 48 45 50 26 47  5
 13 23 22  6 25  7 30 27  2 35 34 19 28 20 33 11 46  3 17 24 12 40 18 39
 41 16 42 36]
 Visited: [1 1 1 1 1 1 1 1 1 1 1 1 1 1 1 1 1 1 1 1 1 1 1 1 1 1 1 1 1 1 1 1 1 1 1 1 1
 1 1 1 1 1 1 1 1 1 1 1 1 1 1]
 Tour length: 547.641910412

Ant:
 UID:     11
 Type:    Symmetric TSP
 Tour:    [35 34 19 28 20 33 49  8 48  4 37 10 31  0 21  1 15  2 27 30  7 25  6 22
 47 26 50 45 11 46  3 17 24 13 23 42  5 39 12 40 18 41 43 14 44 32 38  9
 29 36 16 35]
 Visited: [1 1 1 1 1 1 1 1 1 1 1 1 1 1 1 1 1 1 1 1 1 1 1 1 1 1 1 1 1 1 1 1 1 1 1 1 1
 1 1 1 1 1 1 1 1 1 1 1 1 1 1]
 Tour length: 551.030023163

Ant:
 UID:     12
 Type:    Symmetric TSP
 Tour:    [26 47  7 25  6 22 23 42 13 24 12 40 18 41 43 36 16  3 17 46 11 45 50 31
 10 37  4 29  9 38 33 49 15  1 28 20  8 48 44 14 32  0 21 27 30  2 19 34
 35 39  5 26]
 Visited: [1 1 1 1 1 1 1 1 1 1 1 1 1 1 1 1 1 1 1 1 1 1 1 1 1 1 1 1 1 1 1 1 1 1 1 1 1
 1 1 1 1 1 1 1 1 1 1 1 1 1 1]
 Tour length: 613.852971499

Ant:
 UID:     13
 Type:    Symmetric TSP
 Tour:    [20 33 49  8 37  4 48  9 29 38 32 44 14 43 36 16  3 17 46 50 45 11 10 31
  0 26 47 22  6 25 30 27  2 19 34 35 28  1 15 21  7 42 23 13 24 12 40 18
 41 39  5 20]
 Visited: [1 1 1 1 1 1 1 1 1 1 1 1 1 1 1 1 1 1 1 1 1 1 1 1 1 1 1 1 1 1 1 1 1 1 1 1 1
 1 1 1 1 1 1 1 1 1 1 1 1 1 1]
 Tour length: 541.089680204

Ant:
 UID:     14
 Type:    Symmetric TSP
 Tour:    [ 5 13 24 12 40 18 41 43 14 44 32 38  9 48  8 49 33 29 37  4 10 31  0 21
 30 27  2 35 34 19 28 20 15  1 45 50 26 47  7 25  6 22 23 42 17 46 11 16
 36  3 39  5]
 Visited: [1 1 1 1 1 1 1 1 1 1 1 1 1 1 1 1 1 1 1 1 1 1 1 1 1 1 1 1 1 1 1 1 1 1 1 1 1
 1 1 1 1 1 1 1 1 1 1 1 1 1 1]
 Tour length: 520.578244048

Ant:
 UID:     15
 Type:    Symmetric TSP
 Tour:    [38  9 29 33 49 15  8 37  4 48 44 32 43 14 16 36 46 50 45 11 17  3 40 18
 41 39 12 24 13 23 42  6 22 47  7 25 21  0 31 10 28 20 34 19  2 27 30  1
 26  5 35 38]
 Visited: [1 1 1 1 1 1 1 1 1 1 1 1 1 1 1 1 1 1 1 1 1 1 1 1 1 1 1 1 1 1 1 1 1 1 1 1 1
 1 1 1 1 1 1 1 1 1 1 1 1 1 1]
 Tour length: 604.108350571

Ant:
 UID:     16
 Type:    Symmetric TSP
 Tour:    [20 33 29  9 48  4 37 10 31  0 26 47  7 25  6 22 23 13 24 12 40 18 41 39
  5  3 17 46 11 45 50 36 16 14 44 32 38  8 49 15  1 28 19  2 27 30 35 34
 21 42 43 20]
 Visited: [1 1 1 1 1 1 1 1 1 1 1 1 1 1 1 1 1 1 1 1 1 1 1 1 1 1 1 1 1 1 1 1 1 1 1 1 1
 1 1 1 1 1 1 1 1 1 1 1 1 1 1]
 Tour length: 624.363326946

Ant:
 UID:     17
 Type:    Symmetric TSP
 Tour:    [ 2 19 34 35 28 20  8 49 33 29 37 10 31  0 21  1 15  4 48  9 38 32 44 14
 43 36 16  3 17 46 11 45 50 26 47  7 25  6 22 23 42 24 12 40 18 41 39  5
 13 27 30  2]
 Visited: [1 1 1 1 1 1 1 1 1 1 1 1 1 1 1 1 1 1 1 1 1 1 1 1 1 1 1 1 1 1 1 1 1 1 1 1 1
 1 1 1 1 1 1 1 1 1 1 1 1 1 1]
 Tour length: 536.594984194

Ant:
 UID:     18
 Type:    Symmetric TSP
 Tour:    [18 40 12 46  3 16 36 43 14 44 32 11 45 50 26  0 21  1 15 49 33 29  9 38
 48  4 37  8 20 28 19 34 35  2 27 30  7 25  6 22 23 42 17 13 24 41 39  5
 47 31 10 18]
 Visited: [1 1 1 1 1 1 1 1 1 1 1 1 1 1 1 1 1 1 1 1 1 1 1 1 1 1 1 1 1 1 1 1 1 1 1 1 1
 1 1 1 1 1 1 1 1 1 1 1 1 1 1]
 Tour length: 579.554905367

Ant:
 UID:     19
 Type:    Symmetric TSP
 Tour:    [41 18 40 12 23 42  6 25  7 30 27  2 19 28 20 15  1 21  0 31 10 37  8 48
  9 38 32 44 14 43 36 16  3 46 17 24 13  5 26 50 45 11  4 29 33 49 39 35
 34 22 47 41]
 Visited: [1 1 1 1 1 1 1 1 1 1 1 1 1 1 1 1 1 1 1 1 1 1 1 1 1 1 1 1 1 1 1 1 1 1 1 1 1
 1 1 1 1 1 1 1 1 1 1 1 1 1 1]
 Tour length: 646.429205633

Ant:
 UID:     20
 Type:    Symmetric TSP
 Tour:    [25  6 22 23 42 13 24 17 46 11 45 50 26  0 21  7 30 27  2 19 28 20 33 49
 15  1 31 10 37  4 36 16  3 40 18 41 39 12 14 43 32 38  9 48  8 29 44 47
  5 34 35 25]
 Visited: [1 1 1 1 1 1 1 1 1 1 1 1 1 1 1 1 1 1 1 1 1 1 1 1 1 1 1 1 1 1 1 1 1 1 1 1 1
 1 1 1 1 1 1 1 1 1 1 1 1 1 1]
 Tour length: 605.419927989

Ant:
 UID:     21
 Type:    Symmetric TSP
 Tour:    [21  1 15 49  8 48  4 37 10 31  0 26 50 45 11 46 17  3 16 36 43 14 44 32
 38  9 29 33 20 28 19  2 27 30  7 47 22  6 25 42 23 13 24 12 40 18 41 39
  5 34 35 21]
 Visited: [1 1 1 1 1 1 1 1 1 1 1 1 1 1 1 1 1 1 1 1 1 1 1 1 1 1 1 1 1 1 1 1 1 1 1 1 1
 1 1 1 1 1 1 1 1 1 1 1 1 1 1]
 Tour length: 515.7705836

Ant:
 UID:     22
 Type:    Symmetric TSP
 Tour:    [38 32 44 14 43 36 16  3 46 17 24 13  5 47 26  0 21 30 27  2 19 34 35 28
 20 33 29  9 48  8 49 15  1 50 45 11  4 37 10 31  7 25  6 22 23 42 12 40
 18 39 41 38]
 Visited: [1 1 1 1 1 1 1 1 1 1 1 1 1 1 1 1 1 1 1 1 1 1 1 1 1 1 1 1 1 1 1 1 1 1 1 1 1
 1 1 1 1 1 1 1 1 1 1 1 1 1 1]
 Tour length: 509.937838491

Ant:
 UID:     23
 Type:    Symmetric TSP
 Tour:    [38  9 48 31 10 37  4 11 46 17  3 16 36 43 41 39 18 40 12 24 13  5 47 26
 50 45 15  1 21  0  7 25  6 22 23 42 27 30 19  2 35 34 20 28 29 33 49  8
 32 44 14 38]
 Visited: [1 1 1 1 1 1 1 1 1 1 1 1 1 1 1 1 1 1 1 1 1 1 1 1 1 1 1 1 1 1 1 1 1 1 1 1 1
 1 1 1 1 1 1 1 1 1 1 1 1 1 1]
 Tour length: 544.776049572

Ant:
 UID:     24
 Type:    Symmetric TSP
 Tour:    [17  3 16 36 43 14 44 32 38  9 48  8 49 33 29 37  4 11 46 50 45 26  0 21
  7 47  5 13 24 12 40 18 41 39 23 42  6 22 30 27  2 19 34 35 28 20 15  1
 31 10 25 17]
 Visited: [1 1 1 1 1 1 1 1 1 1 1 1 1 1 1 1 1 1 1 1 1 1 1 1 1 1 1 1 1 1 1 1 1 1 1 1 1
 1 1 1 1 1 1 1 1 1 1 1 1 1 1]
 Tour length: 547.301920829

Ant:
 UID:     25
 Type:    Symmetric TSP
 Tour:    [ 2 27 21  0 31 48  8 49 33 29 38  9 32 44 14 43 41 18 40 12 24 17  3 16
 36  4 37 10 26 50 45 11 46 13  5 47  7 25  6 22 23 42 30 34 19 28 20 15
  1 39 35  2]
 Visited: [1 1 1 1 1 1 1 1 1 1 1 1 1 1 1 1 1 1 1 1 1 1 1 1 1 1 1 1 1 1 1 1 1 1 1 1 1
 1 1 1 1 1 1 1 1 1 1 1 1 1 1]
 Tour length: 623.999361261

Ant:
 UID:     26
 Type:    Symmetric TSP
 Tour:    [25  6 22 47  7 30 27  2 19 34 35 20 28  1 21  0 31 10 37  4 48  8 49 15
 29 33 38 32 44 14 43 36 16  3 17 24 13  5 26 50 45 11 46 12 40 18 41 39
 23 42  9 25]
 Visited: [1 1 1 1 1 1 1 1 1 1 1 1 1 1 1 1 1 1 1 1 1 1 1 1 1 1 1 1 1 1 1 1 1 1 1 1 1
 1 1 1 1 1 1 1 1 1 1 1 1 1 1]
 Tour length: 591.40219788

Ant:
 UID:     27
 Type:    Symmetric TSP
 Tour:    [ 6 22 47 26 50 45 11 46 17 12 40 18 41 39 24 13 23 42 21  0 31 10 37  8
 48  9 38 29 33 49 15  1 28 19 34 35  2 27 30  7 25  5  3 16 36 43 14 44
 32  4 20  6]
 Visited: [1 1 1 1 1 1 1 1 1 1 1 1 1 1 1 1 1 1 1 1 1 1 1 1 1 1 1 1 1 1 1 1 1 1 1 1 1
 1 1 1 1 1 1 1 1 1 1 1 1 1 1]
 Tour length: 560.179679669

Ant:
 UID:     28
 Type:    Symmetric TSP
 Tour:    [40 18 41 43 14 44 32 38  9 29 33 49  8 48  4 37 10 31  0 26 50 45 11 46
 17  3 16 36 39 12 24 13  5 47 22  6 25  7 30 27  2 19 34 35 28 20 15  1
 21 42 23 40]
 Visited: [1 1 1 1 1 1 1 1 1 1 1 1 1 1 1 1 1 1 1 1 1 1 1 1 1 1 1 1 1 1 1 1 1 1 1 1 1
 1 1 1 1 1 1 1 1 1 1 1 1 1 1]
 Tour length: 508.197785902

Ant:
 UID:     29
 Type:    Symmetric TSP
 Tour:    [27  2 19 34 35 25  7 30 21  0 26 47  5 17 46 11 45 50 36 43 14 44 32  9
 29 33 20 28  1 15 49  8 48 38 16  3 40 18 41 39 12 24 13 23 42  6 22 31
 10 37  4 27]
 Visited: [1 1 1 1 1 1 1 1 1 1 1 1 1 1 1 1 1 1 1 1 1 1 1 1 1 1 1 1 1 1 1 1 1 1 1 1 1
 1 1 1 1 1 1 1 1 1 1 1 1 1 1]
 Tour length: 554.12102774

Ant:
 UID:     30
 Type:    Symmetric TSP
 Tour:    [49 33 20 28  1 21 30  7 25  6 22 47 26  0 31 10 37  8 48  9 38 32 44 14
 43 36 16  3 17 46 11 45 50 13 24 12 40 18 41 39  4 29 15 19  2 27 34 35
 42 23  5 49]
 Visited: [1 1 1 1 1 1 1 1 1 1 1 1 1 1 1 1 1 1 1 1 1 1 1 1 1 1 1 1 1 1 1 1 1 1 1 1 1
 1 1 1 1 1 1 1 1 1 1 1 1 1 1]
 Tour length: 584.610565167

Ant:
 UID:     31
 Type:    Symmetric TSP
 Tour:    [16  3 46 11 45 50 26  5 47 22  6 25  7 30 27  2 35 34 19 21  0 31 10 37
  4 48  8 49 15  1 28 20 33 29  9 38 32 44 14 43 41 18 40 12 24 13 23 42
 17 36 39 16]
 Visited: [1 1 1 1 1 1 1 1 1 1 1 1 1 1 1 1 1 1 1 1 1 1 1 1 1 1 1 1 1 1 1 1 1 1 1 1 1
 1 1 1 1 1 1 1 1 1 1 1 1 1 1]
 Tour length: 495.539455413

Ant:
 UID:     32
 Type:    Symmetric TSP
 Tour:    [21  0 31 45 50 26 47  7 30 27  2 19 34 35 28 20 15  1 49 33 29 38  8 37
  4 48  9 16 36 43 14 44 32 41 18 40 12 39 13  5 42  6 22 23 24 17  3 46
 11 10 25 21]
 Visited: [1 1 1 1 1 1 1 1 1 1 1 1 1 1 1 1 1 1 1 1 1 1 1 1 1 1 1 1 1 1 1 1 1 1 1 1 1
 1 1 1 1 1 1 1 1 1 1 1 1 1 1]
 Tour length: 563.837459618

Ant:
 UID:     33
 Type:    Symmetric TSP
 Tour:    [ 3 46 17 24 13  5 31 10 37  4 48  8 49 15  1 28 20 33 29  9 38 32 44 14
 43 36 16 11 45 50 26 47  7 25 30 27  2 19 34 35 21  0 22  6 42 23 12 40
 18 41 39  3]
 Visited: [1 1 1 1 1 1 1 1 1 1 1 1 1 1 1 1 1 1 1 1 1 1 1 1 1 1 1 1 1 1 1 1 1 1 1 1 1
 1 1 1 1 1 1 1 1 1 1 1 1 1 1]
 Tour length: 486.807957919

Ant:
 UID:     34
 Type:    Symmetric TSP
 Tour:    [32 44 14 43 41 39 12 40 18 36 16  3 17 46 11  4 37 10 31  0 21  7 25  6
 22 23 42  5 47 26  1 15 49  8 29  9 38 33 20 28 19  2 27 30 35 34 45 50
 13 24 48 32]
 Visited: [1 1 1 1 1 1 1 1 1 1 1 1 1 1 1 1 1 1 1 1 1 1 1 1 1 1 1 1 1 1 1 1 1 1 1 1 1
 1 1 1 1 1 1 1 1 1 1 1 1 1 1]
 Tour length: 569.439515367

Ant:
 UID:     35
 Type:    Symmetric TSP
 Tour:    [50 45 11 46  3 17 13 26  5 47 22  6 42 23 24 12 40 18 41 43 14 44 32  9
 48  8 49 15  1 21  0 31 10 37  4 36 16 39 38 29 33 20 28 19 34 35  2 27
 30  7 25 50]
 Visited: [1 1 1 1 1 1 1 1 1 1 1 1 1 1 1 1 1 1 1 1 1 1 1 1 1 1 1 1 1 1 1 1 1 1 1 1 1
 1 1 1 1 1 1 1 1 1 1 1 1 1 1]
 Tour length: 517.56035209

Ant:
 UID:     36
 Type:    Symmetric TSP
 Tour:    [17  3 16 36  4 37 10 31  0 45 50 46 11  8 48  9 38 29 33 20 28  1 15 49
 19 34 35 21 27 30  7 25  6 22 47  5 13 24 12 40 18 41 39 43 14 44 32  2
 26 23 42 17]
 Visited: [1 1 1 1 1 1 1 1 1 1 1 1 1 1 1 1 1 1 1 1 1 1 1 1 1 1 1 1 1 1 1 1 1 1 1 1 1
 1 1 1 1 1 1 1 1 1 1 1 1 1 1]
 Tour length: 584.61001315

Ant:
 UID:     37
 Type:    Symmetric TSP
 Tour:    [ 5 10 31  0 21  1 34 19  2 27 30  7 25  6 42 23 22 47 26 50 45 11 46 17
  3 16 36 43 41 18 40 12 24 13 39  4 37  8 48  9 32 44 14 38 29 33 49 15
 20 28 35  5]
 Visited: [1 1 1 1 1 1 1 1 1 1 1 1 1 1 1 1 1 1 1 1 1 1 1 1 1 1 1 1 1 1 1 1 1 1 1 1 1
 1 1 1 1 1 1 1 1 1 1 1 1 1 1]
 Tour length: 566.278965563

Ant:
 UID:     38
 Type:    Symmetric TSP
 Tour:    [22  5 46 11 45 50 26 47  7 30 27  2 19 21  0 31 10 28  1 15 49 33 29  9
 38 32 44 14 16  3 17 24 13 23 42  6 25 35 34 20  8 48  4 37 36 43 41 39
 12 40 18 22]
 Visited: [1 1 1 1 1 1 1 1 1 1 1 1 1 1 1 1 1 1 1 1 1 1 1 1 1 1 1 1 1 1 1 1 1 1 1 1 1
 1 1 1 1 1 1 1 1 1 1 1 1 1 1]
 Tour length: 554.791006408

Ant:
 UID:     39
 Type:    Symmetric TSP
 Tour:    [ 5 26 47 22  6 42 23 13 24 12 40 18 39 41 43 14 44 32 38 29 33 49  8 48
  4 37 10 31  0  7 25 30 27  2 19 34 35 28  1 15 20 21 50 45 11 46  3 17
 36 16  9  5]
 Visited: [1 1 1 1 1 1 1 1 1 1 1 1 1 1 1 1 1 1 1 1 1 1 1 1 1 1 1 1 1 1 1 1 1 1 1 1 1
 1 1 1 1 1 1 1 1 1 1 1 1 1 1]
 Tour length: 523.951743405

Ant:
 UID:     40
 Type:    Symmetric TSP
 Tour:    [45 50 26  5 47 22  6 25 30 27 21  1 15 49  8 48  4 37 10 31  0  7 42 23
 12 40 18 41 39 46 11 16 36 43 14 44 32 38  9 29 33 20 28 19 34 35  2 24
 13 17  3 45]
 Visited: [1 1 1 1 1 1 1 1 1 1 1 1 1 1 1 1 1 1 1 1 1 1 1 1 1 1 1 1 1 1 1 1 1 1 1 1 1
 1 1 1 1 1 1 1 1 1 1 1 1 1 1]
 Tour length: 535.497871835

Ant:
 UID:     41
 Type:    Symmetric TSP
 Tour:    [22 23 13 24 17 46 11  4 37 10 31 27  2 19 34 35 28 20 33 29  9 48  8 49
 15  1 21  0 26 50 45  3 16 36 43 41 18 40 12 39 14 44 32 38 42  6 25  7
 30  5 47 22]
 Visited: [1 1 1 1 1 1 1 1 1 1 1 1 1 1 1 1 1 1 1 1 1 1 1 1 1 1 1 1 1 1 1 1 1 1 1 1 1
 1 1 1 1 1 1 1 1 1 1 1 1 1 1]
 Tour length: 565.054348819

Ant:
 UID:     42
 Type:    Symmetric TSP
 Tour:    [43 14 44  9 38 32 15 49 29 33 20 28 19  2 27 30 25  7 21  0 31 10 37  4
 11 46  3 16 36 50 45 48  8  1 34 35 26 47  5 13 24 17 12 40 18 41 39 23
 22  6 42 43]
 Visited: [1 1 1 1 1 1 1 1 1 1 1 1 1 1 1 1 1 1 1 1 1 1 1 1 1 1 1 1 1 1 1 1 1 1 1 1 1
 1 1 1 1 1 1 1 1 1 1 1 1 1 1]
 Tour length: 610.231093535

Ant:
 UID:     43
 Type:    Symmetric TSP
 Tour:    [32 44 14 43 36 16  3 17 46 11 50 45 26  0 21  1 28 20 35 34 19  2 27 30
 25  7 47 22  6 42 23 13 24 12 40 18 41 39  4 37 10 31  5 15  8 49 33 29
  9 38 48 32]
 Visited: [1 1 1 1 1 1 1 1 1 1 1 1 1 1 1 1 1 1 1 1 1 1 1 1 1 1 1 1 1 1 1 1 1 1 1 1 1
 1 1 1 1 1 1 1 1 1 1 1 1 1 1]
 Tour length: 515.149421326

Ant:
 UID:     44
 Type:    Symmetric TSP
 Tour:    [37  8 48  9 32 44 14 43 36 16 41 18 40 12 24 13 23 22  6 25  7 30 27  2
 19 15 49 33 29  4 11 46 17  3 39  5 47 26 50 45 31 10 28 20 21  0  1 34
 35 42 38 37]
 Visited: [1 1 1 1 1 1 1 1 1 1 1 1 1 1 1 1 1 1 1 1 1 1 1 1 1 1 1 1 1 1 1 1 1 1 1 1 1
 1 1 1 1 1 1 1 1 1 1 1 1 1 1]
 Tour length: 647.823973904

Ant:
 UID:     45
 Type:    Symmetric TSP
 Tour:    [48  9 38  8 49 15  1  0 31 10 37  4 36 43 14 44 32 41 18 40 12 39 17 46
  3 16 11 45 50 26 47  7 25  6 42 23 22 24 13  5 21 30 27  2 35 34 19 28
 20 33 29 48]
 Visited: [1 1 1 1 1 1 1 1 1 1 1 1 1 1 1 1 1 1 1 1 1 1 1 1 1 1 1 1 1 1 1 1 1 1 1 1 1
 1 1 1 1 1 1 1 1 1 1 1 1 1 1]
 Tour length: 509.13765526

Ant:
 UID:     46
 Type:    Symmetric TSP
 Tour:    [31 10 37  4 48  9 38 32 44 14 43 41 18 40 12 24 13  5 42 23 22  6 47  7
 30 27  2 19 28 20 34 35 21  0 26 50 45 11 46 17  3 16 36  8 49 15  1 33
 29 39 25 31]
 Visited: [1 1 1 1 1 1 1 1 1 1 1 1 1 1 1 1 1 1 1 1 1 1 1 1 1 1 1 1 1 1 1 1 1 1 1 1 1
 1 1 1 1 1 1 1 1 1 1 1 1 1 1]
 Tour length: 599.642977092

Ant:
 UID:     47
 Type:    Symmetric TSP
 Tour:    [34 35  2 19 28 20 33 49  8 48  4 11 46 17  3 16 36 43 14 44 32 38  9 29
 37 15  1 21  0 31 10 26 50 45  5 13 24 12 40 18 41 39 23 22  6 25  7 30
 27 47 42 34]
 Visited: [1 1 1 1 1 1 1 1 1 1 1 1 1 1 1 1 1 1 1 1 1 1 1 1 1 1 1 1 1 1 1 1 1 1 1 1 1
 1 1 1 1 1 1 1 1 1 1 1 1 1 1]
 Tour length: 549.223988544

Ant:
 UID:     48
 Type:    Symmetric TSP
 Tour:    [44 32 38  9 48  8 37 15 49 33 29  4 11 46 17  3 16 36 43 14 50 45 31  0
 21  1 28 20 35 34 19  2 27 30  7 25  6 22 47 26  5 13 24 12 40 18 41 39
 23 42 10 44]
 Visited: [1 1 1 1 1 1 1 1 1 1 1 1 1 1 1 1 1 1 1 1 1 1 1 1 1 1 1 1 1 1 1 1 1 1 1 1 1
 1 1 1 1 1 1 1 1 1 1 1 1 1 1]
 Tour length: 558.548357326

Ant:
 UID:     49
 Type:    Symmetric TSP
 Tour:    [44 14 43 36 16  3 17 46 11 45 50 26  0 21  1 15 49 33 29 38  9 48  4 37
  8 20 28 19 34 35  2 27 30 25  7 47  5 22  6 42 23 13 24 12 40 18 41 39
 32 10 31 44]
 Visited: [1 1 1 1 1 1 1 1 1 1 1 1 1 1 1 1 1 1 1 1 1 1 1 1 1 1 1 1 1 1 1 1 1 1 1 1 1
 1 1 1 1 1 1 1 1 1 1 1 1 1 1]
 Tour length: 510.62860222

Ant:
 UID:     50
 Type:    Symmetric TSP
 Tour:    [48  8 49 15  1 21  0 26 50 45 31 10 37  4 11 46 17  3 16 36 43 14 44 32
 38 29 33 20 28 19 34 35  2 27 30  7 25  6 42 23 22 47  5 13 24 12 40 18
 41 39  9 48]
 Visited: [1 1 1 1 1 1 1 1 1 1 1 1 1 1 1 1 1 1 1 1 1 1 1 1 1 1 1 1 1 1 1 1 1 1 1 1 1
 1 1 1 1 1 1 1 1 1 1 1 1 1 1]
 Tour length: 467.330034036


Best overall solution:
Ant:
 UID:     2885
 Type:    Symmetric TSP
 Tour:    [43 14 44 32  9 38 29 33 49  8 48  4 37 10 31  0 21  1 15 20 28 35 34 19
  2 27 30  7 25  6 42 23 22 47  5 26 50 45 11 46  3 16 36 17 13 24 12 40
 18 39 41 43]
 Visited: [1 1 1 1 1 1 1 1 1 1 1 1 1 1 1 1 1 1 1 1 1 1 1 1 1 1 1 1 1 1 1 1 1 1 1 1 1
 1 1 1 1 1 1 1 1 1 1 1 1 1 1]
 Tour length: 448.279195157

Initialization time: 0:00:00.014849
Execution time: 0:02:45.806785
